pass_0
[0.36,5.18,1.32,0.97,3.93,1.24,1.32,3.16,1.110.37,5.23,1.39,0.95,3.96,1.15,1.24,3.11,1.090.39,5.26,1.41,0.95,3.96,1.15,1.17,3.05,0.940.39,5.26,1.40,0.95,3.94,1.20,1.13,3.01,0.920.94,3.96,1.16,0.39,5.26,1.40,1.09,2.98,0.860.93,3.95,1.19,0.46,5.54,1.74,1.09,2.98,0.860.46,5.54,1.74,0.94,3.95,1.24,1.02,2.96,0.870.53,5.49,1.67,0.94,3.94,1.28,0.91,2.95,0.910.59,5.37,1.43,0.95,3.93,1.27,0.90,2.97,0.920.95,5.39,1.35,0.94,3.97,1.13,0.86,3.01,0.930.85,5.31,1.30,0.93,3.96,1.18,0.86,3.01,0.930.80,5.29,1.26,0.90,3.95,1.19,-1.0,-1.0,-1.00.97,5.44,1.23,0.91,3.94,1.24,0.81,3.04,0.910.87,5.51,1.19,0.93,3.93,1.27,0.73,3.06,0.890.79,5.62,1.04,0.95,3.93,1.28,0.69,3.08,0.840.72,5.79,1.10,0.95,3.93,1.28,0.67,3.10,0.870.63,5.79,1.04,0.66,3.11,0.89,-1.0,-1.0,-1.00.57,5.93,1.10,0.60,3.12,0.91,-1.0,-1.0,-1.00.57,5.93,1.10,0.94,3.95,1.22,0.58,3.17,0.940.52,6.03,1.14,0.95,3.94,1.26,0.52,3.14,0.880.49,6.03,0.92,0.96,3.97,1.06,0.49,3.18,0.810.48,5.96,0.94,0.97,3.99,1.00,0.54,3.30,0.940.49,5.94,0.87,0.96,4.01,0.94,0.59,3.39,0.980.47,6.08,1.01,0.96,4.01,0.94,0.63,3.46,1.040.50,6.15,1.09,0.63,3.50,1.05,-1.0,-1.0,-1.00.43,6.13,1.02,0.95,3.99,1.03,0.64,3.55,1.060.50,6.33,1.04,0.82,4.01,1.09,0.59,3.61,1.030.52,6.45,1.02,0.82,4.01,1.09,0.59,3.61,1.030.52,6.45,1.02,0.61,4.04,1.08,-1.0,-1.0,-1.00.54,6.54,0.99,0.60,4.16,1.15,0.58,3.80,1.09]

pass_1
[0.40,6.32,0.59,0.56,3.48,1.03,-1.0,-1.0,-1.00.24,6.28,0.65,0.61,3.43,0.97,-1.0,-1.0,-1.00.08,6.28,0.69,0.66,3.45,1.05,-1.0,-1.0,-1.00.16,6.35,0.81,0.66,3.41,0.93,-1.0,-1.0,-1.00.16,6.35,0.81,0.71,3.36,0.78,-1.0,-1.0,-1.00.79,3.35,0.83,-1.0,-1.0,-1.0,-1.0,-1.0,-1.00.27,6.38,0.80,0.73,3.32,0.86,-1.0,-1.0,-1.00.27,6.38,0.80,0.74,3.31,0.88,-1.0,-1.0,-1.00.70,3.30,0.89,-1.0,-1.0,-1.0,-1.0,-1.0,-1.00.69,3.30,0.94,-1.0,-1.0,-1.0,-1.0,-1.0,-1.00.69,3.30,0.94,-1.0,-1.0,-1.0,-1.0,-1.0,-1.00.71,3.28,0.89,-1.0,-1.0,-1.0,-1.0,-1.0,-1.00.73,3.24,0.79,-1.0,-1.0,-1.0,-1.0,-1.0,-1.00.73,3.24,0.79,-1.0,-1.0,-1.0,-1.0,-1.0,-1.00.36,6.45,0.68,-1.0,-1.0,-1.0,-1.0,-1.0,-1.00.36,6.45,0.68,-1.0,-1.0,-1.0,-1.0,-1.0,-1.00.30,6.47,0.68,-1.0,-1.0,-1.0,-1.0,-1.0,-1.00.81,3.22,0.76,-1.0,-1.0,-1.0,-1.0,-1.0,-1.00.81,3.22,0.76,-1.0,-1.0,-1.0,-1.0,-1.0,-1.00.65,5.27,1.02,-1.0,-1.0,-1.0,-1.0,-1.0,-1.00.65,5.27,1.02,-1.0,-1.0,-1.0,-1.0,-1.0,-1.00.66,4.95,1.09,0.85,3.21,0.73,-1.0,-1.0,-1.00.66,4.95,1.09,0.89,3.21,0.69,-1.0,-1.0,-1.00.72,4.71,0.98,0.89,3.21,0.69,-1.0,-1.0,-1.00.72,4.71,0.98,1.00,3.26,0.82,-1.0,-1.0,-1.00.85,4.50,0.93,1.00,3.26,0.82,-1.0,-1.0,-1.00.90,4.30,0.99,-1.0,-1.0,-1.0,-1.0,-1.0,-1.00.90,4.30,0.99,0.98,3.28,0.94,-1.0,-1.0,-1.0]

pass_2
[1.01,3.57,1.19,0.92,3.29,0.95,-1.0,-1.0,-1.01.01,3.57,1.19,0.89,3.29,0.92,-1.0,-1.0,-1.00.99,3.55,1.14,0.88,3.30,1.00,-1.0,-1.0,-1.00.98,3.54,1.12,0.88,3.30,1.00,-1.0,-1.0,-1.00.99,3.53,1.11,0.86,3.28,0.95,-1.0,-1.0,-1.01.02,3.55,1.17,0.84,3.27,0.94,-1.0,-1.0,-1.00.00,0.00,0.00,1.02,3.57,1.21,0.81,3.28,0.970.73,6.63,0.61,1.02,3.57,1.21,0.81,3.28,0.970.72,6.63,0.57,1.03,3.55,1.18,-1.0,-1.0,-1.00.72,6.63,0.57,1.04,3.54,1.16,-1.0,-1.0,-1.00.73,6.64,0.49,1.04,3.53,1.11,0.81,3.31,0.990.73,6.64,0.47,1.02,3.54,1.05,0.81,3.31,0.990.73,6.65,0.44,1.02,3.65,1.14,-1.0,-1.0,-1.00.75,6.64,0.48,1.05,3.81,1.19,-1.0,-1.0,-1.00.75,6.73,0.60,0.86,4.00,0.98,0.93,4.14,1.600.75,6.70,0.57,0.89,4.14,1.06,0.91,4.19,1.500.74,6.69,0.49,0.89,4.14,1.06,0.91,4.19,1.500.74,6.71,0.44,0.98,4.21,1.42,-1.0,-1.0,-1.00.75,6.76,0.55,0.83,4.55,1.14,0.91,4.11,1.300.75,6.87,0.70,0.83,4.55,1.14,0.85,3.96,0.990.75,6.87,0.70,0.79,4.92,1.12,0.85,3.96,0.99]

pass_3
[0.96,3.29,0.75,-1.0,-1.0,-1.0,-1.0,-1.0,-1.00.96,3.29,0.75,-1.0,-1.0,-1.0,-1.0,-1.0,-1.00.97,3.27,0.76,-1.0,-1.0,-1.0,-1.0,-1.0,-1.01.00,3.28,0.86,-1.0,-1.0,-1.0,-1.0,-1.0,-1.01.01,3.27,0.94,-1.0,-1.0,-1.0,-1.0,-1.0,-1.00.88,3.30,0.97,-1.0,-1.0,-1.0,-1.0,-1.0,-1.00.58,6.00,1.02,0.88,3.30,0.97,-1.0,-1.0,-1.00.58,6.00,1.02,-1.0,-1.0,-1.0,-1.0,-1.0,-1.00.87,3.18,0.91,-1.0,-1.0,-1.0,-1.0,-1.0,-1.00.90,3.09,0.78,-1.0,-1.0,-1.0,-1.0,-1.0,-1.00.91,3.03,0.64,-1.0,-1.0,-1.0,-1.0,-1.0,-1.00.90,2.97,0.63,-1.0,-1.0,-1.0,-1.0,-1.0,-1.00.65,6.02,1.03,0.90,2.96,0.50,-1.0,-1.0,-1.00.65,6.02,1.03,0.90,2.93,0.43,-1.0,-1.0,-1.00.74,5.82,1.09,0.90,2.93,0.43,-1.0,-1.0,-1.00.74,5.82,1.09,0.94,2.91,0.45,-1.0,-1.0,-1.00.94,2.91,0.45,-1.0,-1.0,-1.0,-1.0,-1.0,-1.00.72,5.64,0.86,0.96,2.89,0.54,-1.0,-1.0,-1.00.79,5.45,0.95,0.96,2.89,0.54,-1.0,-1.0,-1.00.79,5.27,1.05,0.96,2.88,0.54,-1.0,-1.0,-1.00.83,5.11,1.08,0.96,2.88,0.54,-1.0,-1.0,-1.00.88,4.98,1.15,0.95,2.87,0.53,-1.0,-1.0,-1.00.91,4.90,1.12,0.98,2.86,0.49,-1.0,-1.0,-1.00.93,4.82,1.12,0.96,2.86,0.47,-1.0,-1.0,-1.00.86,4.72,1.14,0.97,2.85,0.44,-1.0,-1.0,-1.00.96,4.61,1.21,0.97,2.85,0.44,-1.0,-1.0,-1.01.14,4.77,1.49,-1.0,-1.0,-1.0,-1.0,-1.0,-1.01.14,4.77,1.49,-1.0,-1.0,-1.0,-1.0,-1.0,-1.01.31,4.63,1.37,0.95,2.91,0.56,-1.0,-1.0,-1.01.24,4.57,1.39,0.92,3.01,0.70,-1.0,-1.0,-1.01.23,4.65,1.44,0.85,3.14,0.72,-1.0,-1.0,-1.0]

pass_4
[0.92,6.44,0.96,0.95,4.69,1.12,0.64,4.19,0.860.92,6.44,0.96,0.90,4.63,1.12,0.57,4.22,0.860.93,4.58,1.16,0.68,4.25,0.96,-1.0,-1.0,-1.00.97,4.60,1.17,0.61,4.33,1.05,-1.0,-1.0,-1.00.86,4.63,1.02,0.68,4.47,1.01,-1.0,-1.0,-1.00.86,4.63,1.02,0.68,4.47,1.01,-1.0,-1.0,-1.00.93,6.73,1.23,0.82,4.76,1.02,0.82,4.42,1.110.93,6.73,1.23,0.82,4.76,1.02,0.82,4.42,1.110.93,6.64,1.15,0.87,5.06,1.04,0.72,4.21,0.940.91,6.59,1.16,0.95,5.20,1.02,0.72,4.21,0.940.94,6.54,1.13,0.95,5.20,1.02,0.85,4.08,1.040.99,6.51,1.11,0.91,3.99,1.12,-1.0,-1.0,-1.00.99,6.51,1.11,0.79,3.93,1.12,-1.0,-1.0,-1.01.02,6.37,1.00,0.71,3.88,1.12,-1.0,-1.0,-1.01.00,6.34,0.93,0.67,3.84,1.08,-1.0,-1.0,-1.01.00,6.28,0.89,0.99,5.48,1.12,0.64,3.80,1.040.97,5.52,1.14,1.00,6.28,0.89,0.64,3.80,1.040.93,5.54,1.14,0.60,3.78,0.88,-1.0,-1.0,-1.00.89,5.56,1.14,0.57,3.77,0.85,-1.0,-1.0,-1.00.91,5.59,1.13,0.99,6.36,0.89,0.52,3.77,0.80]

pass_5
[0.94,6.85,1.32,-1.0,-1.0,-1.0,-1.0,-1.0,-1.00.80,4.02,0.90,-1.0,-1.0,-1.0,-1.0,-1.0,-1.00.80,4.02,0.90,-1.0,-1.0,-1.0,-1.0,-1.0,-1.00.94,6.97,1.51,0.90,4.03,1.02,-1.0,-1.0,-1.00.91,7.10,1.66,0.91,4.07,1.12,-1.0,-1.0,-1.00.91,7.10,1.66,0.81,4.11,1.06,-1.0,-1.0,-1.00.92,6.93,1.48,0.87,4.19,1.14,-1.0,-1.0,-1.00.92,6.93,1.48,0.87,4.19,1.14,-1.0,-1.0,-1.00.92,4.32,1.04,-1.0,-1.0,-1.0,-1.0,-1.0,-1.00.74,6.82,1.42,0.80,4.35,1.07,-1.0,-1.0,-1.00.74,6.82,1.42,0.71,4.34,1.02,-1.0,-1.0,-1.0]

pass_6
[0.81,4.71,0.27,0.50,6.86,1.57,0.60,4.30,1.080.50,6.86,1.57,0.82,4.69,0.42,0.68,4.32,1.130.82,4.69,0.42,0.58,4.31,1.02,-1.0,-1.0,-1.00.75,4.65,0.57,0.41,6.75,1.50,0.54,4.32,0.940.75,4.65,0.57,0.57,6.95,1.61,0.61,4.56,1.020.57,6.95,1.61,0.68,4.75,0.55,0.61,4.56,1.020.59,7.05,1.71,0.64,4.82,0.67,0.62,4.67,1.030.67,7.19,1.79,0.64,4.82,0.67,0.64,4.74,1.080.74,7.28,1.86,0.66,4.75,1.10,-1.0,-1.0,-1.00.74,7.28,1.86,0.68,5.05,0.73,0.58,4.64,1.080.76,6.92,1.65,0.68,5.05,0.73,0.54,4.46,1.090.84,6.67,1.51,0.54,4.46,1.09,-1.0,-1.0,-1.00.72,6.42,1.41,0.68,4.32,1.16,-1.0,-1.0,-1.00.78,6.27,1.34,0.68,4.20,1.06,-1.0,-1.0,-1.00.78,6.27,1.34,0.68,4.20,1.06,-1.0,-1.0,-1.00.75,6.18,1.30,0.65,4.10,1.01,-1.0,-1.0,-1.00.75,6.18,1.30,0.65,4.03,1.00,-1.0,-1.0,-1.00.80,3.97,1.10,-1.0,-1.0,-1.0,-1.0,-1.0,-1.00.72,6.28,1.09,0.88,3.93,1.17,-1.0,-1.0,-1.00.88,3.93,1.17,-1.0,-1.0,-1.0,-1.0,-1.0,-1.0]

pass_7
[0.99,5.81,0.89,-1.0,-1.0,-1.0,-1.0,-1.0,-1.00.98,5.85,0.88,0.79,2.73,0.72,-1.0,-1.0,-1.01.18,5.90,0.94,0.81,2.61,0.57,-1.0,-1.0,-1.01.12,5.88,0.86,1.06,2.59,0.67,-1.0,-1.0,-1.01.08,5.84,0.84,1.03,2.51,0.58,-1.0,-1.0,-1.01.08,5.84,0.73,1.03,2.51,0.58,-1.0,-1.0,-1.01.05,5.83,0.68,-1.0,-1.0,-1.0,-1.0,-1.0,-1.01.00,5.81,0.70,-1.0,-1.0,-1.0,-1.0,-1.0,-1.01.00,5.81,0.70,0.94,2.44,0.50,-1.0,-1.0,-1.00.94,2.44,0.50,-1.0,-1.0,-1.0,-1.0,-1.0,-1.00.96,5.57,0.80,0.95,2.40,0.65,-1.0,-1.0,-1.00.91,5.30,0.86,0.95,2.40,0.65,-1.0,-1.0,-1.00.91,5.30,0.86,-1.0,-1.0,-1.0,-1.0,-1.0,-1.00.90,2.36,0.70,-1.0,-1.0,-1.0,-1.0,-1.0,-1.00.89,2.33,0.79,-1.0,-1.0,-1.0,-1.0,-1.0,-1.00.81,4.78,0.92,0.87,2.32,0.85,-1.0,-1.0,-1.00.81,4.78,0.92,0.85,2.32,0.91,-1.0,-1.0,-1.00.84,2.30,0.91,-1.0,-1.0,-1.0,-1.0,-1.0,-1.00.81,2.31,0.95,-1.0,-1.0,-1.0,-1.0,-1.0,-1.00.83,2.27,0.89,-1.0,-1.0,-1.0,-1.0,-1.0,-1.00.84,2.19,0.75,-1.0,-1.0,-1.0,-1.0,-1.0,-1.00.84,2.19,0.75,-1.0,-1.0,-1.0,-1.0,-1.0,-1.00.84,2.22,0.82,-1.0,-1.0,-1.0,-1.0,-1.0,-1.00.81,2.24,0.88,-1.0,-1.0,-1.0,-1.0,-1.0,-1.00.76,2.22,0.71,-1.0,-1.0,-1.0,-1.0,-1.0,-1.00.74,2.21,0.70,-1.0,-1.0,-1.0,-1.0,-1.0,-1.00.00,0.00,0.00,0.71,2.26,0.78,-1.0,-1.0,-1.00.65,2.32,0.75,-1.0,-1.0,-1.0,-1.0,-1.0,-1.00.95,6.52,0.91,0.64,2.36,0.71,-1.0,-1.0,-1.0]

pass_8
[0.82,6.80,0.89,0.69,2.44,0.67,-1.0,-1.0,-1.00.60,2.50,0.79,-1.0,-1.0,-1.0,-1.0,-1.0,-1.00.74,6.77,0.61,0.64,2.51,0.87,-1.0,-1.0,-1.00.72,6.79,0.63,0.64,2.50,0.84,-1.0,-1.0,-1.00.72,6.79,0.63,0.61,2.50,0.81,-1.0,-1.0,-1.00.57,2.56,0.81,-1.0,-1.0,-1.0,-1.0,-1.0,-1.00.51,2.74,0.89,-1.0,-1.0,-1.0,-1.0,-1.0,-1.00.71,6.78,0.59,0.67,2.88,0.99,-1.0,-1.0,-1.00.70,6.77,0.45,0.67,2.88,0.99,-1.0,-1.0,-1.00.69,6.76,0.44,-1.0,-1.0,-1.0,-1.0,-1.0,-1.00.69,6.77,0.51,-1.0,-1.0,-1.0,-1.0,-1.0,-1.00.68,6.87,0.68,0.69,2.86,1.02,-1.0,-1.0,-1.00.69,6.84,0.57,0.69,2.86,1.02,-1.0,-1.0,-1.00.00,0.00,0.00,0.71,6.80,0.54,0.64,2.68,0.940.40,4.90,1.20,0.71,6.80,0.54,0.64,2.56,0.960.40,4.90,1.20,0.72,6.65,0.58,0.70,2.42,0.880.72,2.33,0.85,-1.0,-1.0,-1.0,-1.0,-1.0,-1.00.61,6.45,0.70,0.74,2.26,0.82,-1.0,-1.0,-1.00.52,5.11,1.17,0.54,6.41,0.79,0.70,2.20,0.740.52,5.11,1.17,0.53,6.27,0.84,0.64,2.16,0.650.60,5.26,1.15,0.55,6.19,0.87,0.60,2.13,0.620.72,5.38,1.14,0.55,6.19,0.87,0.57,2.10,0.470.64,5.41,1.14,0.57,2.10,0.47,-1.0,-1.0,-1.00.61,5.44,1.11,0.55,6.23,0.84,0.57,2.07,0.460.62,5.48,1.07,0.55,6.23,0.84,0.60,2.05,0.480.64,5.52,1.02,0.55,6.29,0.77,0.60,2.05,0.480.67,5.54,0.93,0.55,6.29,0.77,-1.0,-1.0,-1.00.70,5.56,0.88,0.55,6.38,0.74,0.64,2.06,0.58]

pass_9
[0.56,6.99,1.06,-1.0,-1.0,-1.0,-1.0,-1.0,-1.00.54,7.01,1.13,-1.0,-1.0,-1.0,-1.0,-1.0,-1.00.59,5.81,1.02,-1.0,-1.0,-1.0,-1.0,-1.0,-1.00.82,5.44,1.12,1.42,2.43,0.63,-1.0,-1.0,-1.00.82,5.44,1.12,1.42,2.43,0.63,-1.0,-1.0,-1.00.87,4.86,1.13,-1.0,-1.0,-1.0,-1.0,-1.0,-1.01.41,2.41,0.67,-1.0,-1.0,-1.0,-1.0,-1.0,-1.01.42,2.38,0.64,-1.0,-1.0,-1.0,-1.0,-1.0,-1.01.40,2.42,0.67,-1.0,-1.0,-1.0,-1.0,-1.0,-1.01.36,2.45,0.69,-1.0,-1.0,-1.0,-1.0,-1.0,-1.01.35,2.47,0.55,-1.0,-1.0,-1.0,-1.0,-1.0,-1.01.34,2.54,0.71,-1.0,-1.0,-1.0,-1.0,-1.0,-1.00.00,0.00,0.00,1.34,2.54,0.71,-1.0,-1.0,-1.00.60,6.40,1.35,-1.0,-1.0,-1.0,-1.0,-1.0,-1.00.57,6.31,1.14,1.38,2.53,0.73,-1.0,-1.0,-1.00.55,6.23,1.00,1.38,2.60,0.80,-1.0,-1.0,-1.00.55,6.20,0.94,1.39,2.63,0.80,-1.0,-1.0,-1.00.45,6.20,0.98,1.39,2.64,0.81,-1.0,-1.0,-1.00.36,6.20,0.99,1.38,2.65,0.81,-1.0,-1.0,-1.00.30,6.13,0.89,1.37,2.65,0.81,-1.0,-1.0,-1.00.23,6.06,0.81,1.37,2.65,0.81,-1.0,-1.0,-1.01.35,2.65,0.77,-1.0,-1.0,-1.0,-1.0,-1.0,-1.00.22,6.13,0.92,1.35,2.64,0.68,-1.0,-1.0,-1.00.25,6.15,0.94,1.35,2.64,0.68,-1.0,-1.0,-1.00.25,6.17,0.96,-1.0,-1.0,-1.0,-1.0,-1.0,-1.00.17,6.16,0.94,-1.0,-1.0,-1.0,-1.0,-1.0,-1.00.18,6.17,0.95,-1.0,-1.0,-1.0,-1.0,-1.0,-1.00.09,6.18,0.94,-1.0,-1.0,-1.0,-1.0,-1.0,-1.00.26,6.19,0.89,-1.0,-1.0,-1.0,-1.0,-1.0,-1.0]

pass_10
[0.24,6.48,0.81,1.17,3.46,1.10,-1.0,-1.0,-1.00.24,6.48,0.81,1.18,3.64,1.17,-1.0,-1.0,-1.01.19,3.80,1.16,-1.0,-1.0,-1.0,-1.0,-1.0,-1.00.29,6.69,1.01,1.19,3.80,1.16,-1.0,-1.0,-1.00.29,6.69,1.01,-1.0,-1.0,-1.0,-1.0,-1.0,-1.00.33,6.84,1.13,-1.0,-1.0,-1.0,-1.0,-1.0,-1.00.33,6.84,1.13,-1.0,-1.0,-1.0,-1.0,-1.0,-1.00.37,6.92,1.20,1.17,3.95,1.24,-1.0,-1.0,-1.00.37,6.92,1.20,1.17,3.95,1.24,-1.0,-1.0,-1.00.39,6.98,1.27,1.20,4.06,1.21,-1.0,-1.0,-1.00.39,6.98,1.27,1.26,4.09,1.18,-1.0,-1.0,-1.00.40,6.99,1.29,1.35,4.16,1.22,-1.0,-1.0,-1.00.40,6.99,1.28,1.35,4.16,1.22,-1.0,-1.0,-1.00.40,6.99,1.28,1.48,4.27,1.15,-1.0,-1.0,-1.00.43,6.88,1.07,1.48,4.27,1.15,-1.0,-1.0,-1.00.43,6.83,0.85,-1.0,-1.0,-1.0,-1.0,-1.0,-1.00.48,6.95,0.97,1.45,4.36,1.21,-1.0,-1.0,-1.00.51,6.88,0.78,1.39,4.37,1.05,-1.0,-1.0,-1.00.54,6.88,0.67,1.34,4.38,0.89,-1.0,-1.0,-1.00.55,6.88,0.63,1.35,4.43,1.02,-1.0,-1.0,-1.00.54,6.87,0.60,1.35,4.43,1.02,-1.0,-1.0,-1.00.54,6.87,0.60,-1.0,-1.0,-1.0,-1.0,-1.0,-1.00.56,6.86,0.57,-1.0,-1.0,-1.0,-1.0,-1.0,-1.00.58,6.86,0.60,-1.0,-1.0,-1.0,-1.0,-1.0,-1.00.48,6.86,0.67,-1.0,-1.0,-1.0,-1.0,-1.0,-1.00.54,6.86,0.67,-1.0,-1.0,-1.0,-1.0,-1.0,-1.00.45,6.86,0.73,-1.0,-1.0,-1.0,-1.0,-1.0,-1.00.45,6.86,0.73,-1.0,-1.0,-1.0,-1.0,-1.0,-1.0]

pass_11
[1.24,4.48,0.77,-1.0,-1.0,-1.0,-1.0,-1.0,-1.01.37,4.52,0.84,-1.0,-1.0,-1.0,-1.0,-1.0,-1.01.45,4.56,0.90,-1.0,-1.0,-1.0,-1.0,-1.0,-1.01.40,4.54,0.72,-1.0,-1.0,-1.0,-1.0,-1.0,-1.01.40,4.54,0.72,-1.0,-1.0,-1.0,-1.0,-1.0,-1.01.40,4.57,0.66,-1.0,-1.0,-1.0,-1.0,-1.0,-1.00.00,0.00,0.00,1.56,4.64,0.76,-1.0,-1.0,-1.01.41,4.56,1.20,1.52,4.64,0.62,-1.0,-1.0,-1.01.42,4.58,1.24,1.48,4.65,0.52,-1.0,-1.0,-1.01.07,4.58,1.13,1.47,4.66,0.51,-1.0,-1.0,-1.01.19,4.58,1.18,0.00,0.00,0.00,1.47,4.66,0.511.11,4.57,1.00,0.55,3.00,0.95,-1.0,-1.0,-1.00.96,4.56,0.85,0.51,3.00,0.98,-1.0,-1.0,-1.00.86,4.55,0.80,0.46,2.99,1.01,1.48,4.67,0.450.46,2.99,1.01,0.86,4.55,0.80,1.46,4.67,0.421.03,4.66,0.82,1.58,4.72,0.61,-1.0,-1.0,-1.01.01,4.64,0.82,1.60,4.72,0.80,-1.0,-1.0,-1.00.91,4.64,0.64,1.60,4.70,0.86,-1.0,-1.0,-1.00.91,4.62,0.54,1.60,4.70,0.86,-1.0,-1.0,-1.00.64,2.73,1.01,1.06,4.60,0.76,-1.0,-1.0,-1.00.79,2.51,0.97,1.16,4.64,0.72,1.59,4.68,0.960.91,2.33,0.87,1.28,4.56,0.85,1.59,4.68,0.960.97,2.19,0.84,1.43,4.38,0.84,-1.0,-1.0,-1.01.00,2.06,0.80,1.31,4.29,0.98,1.48,4.53,1.071.02,1.95,0.76,1.31,4.29,0.98,1.48,4.53,1.071.03,1.88,0.76,-1.0,-1.0,-1.0,-1.0,-1.0,-1.01.05,1.82,0.76,1.57,4.57,1.00,-1.0,-1.0,-1.01.21,4.02,0.98,1.04,1.78,0.80,1.61,4.62,0.961.17,3.81,0.96,1.04,1.78,0.80,1.61,4.71,0.961.14,3.62,0.99,1.60,4.79,0.97,-1.0,-1.0,-1.0]

pass_12
[1.00,2.58,0.89,1.02,5.07,0.91,-1.0,-1.0,-1.01.02,2.55,0.92,1.00,5.14,0.89,-1.0,-1.0,-1.01.02,2.52,0.93,1.02,5.20,0.91,-1.0,-1.0,-1.01.02,2.50,0.93,1.13,1.84,0.92,0.99,5.26,0.871.03,2.51,0.95,1.13,1.84,0.92,0.94,5.28,0.871.04,2.51,0.94,0.90,5.30,0.88,-1.0,-1.0,-1.01.07,2.52,0.90,1.12,1.74,0.88,0.87,5.32,0.911.09,2.53,0.87,1.12,1.74,0.88,0.86,5.33,0.951.09,2.53,0.85,0.79,5.34,0.96,-1.0,-1.0,-1.01.07,2.53,0.84,1.11,1.42,0.93,0.79,5.34,0.961.07,2.52,0.80,1.11,1.42,0.93,0.78,5.34,1.021.08,2.52,0.80,0.75,5.36,0.98,-1.0,-1.0,-1.01.05,2.53,0.80,1.10,1.43,0.91,0.75,5.39,0.911.05,2.53,0.79,1.09,1.44,0.87,0.76,5.41,0.881.06,2.53,0.78,1.09,1.44,0.87,0.76,5.41,0.881.23,2.58,0.62,1.09,1.45,0.89,0.71,5.42,0.861.19,2.57,0.67,1.11,1.49,0.91,0.71,5.43,0.831.15,2.56,0.68,1.11,1.49,0.91,0.71,5.43,0.831.13,2.54,0.71,1.15,1.57,0.92,0.70,5.44,0.821.11,2.53,0.70,1.15,1.57,0.92,0.69,5.42,0.911.06,2.56,0.76,1.18,1.77,0.90,0.79,5.46,0.891.06,2.56,0.76,1.18,1.77,0.90,0.79,5.46,0.891.01,2.70,0.87,1.16,1.99,0.95,0.74,5.47,0.801.01,2.70,0.87,1.11,2.15,1.00,0.70,5.44,0.851.11,2.15,1.00,0.68,5.42,0.92,-1.0,-1.0,-1.00.95,2.95,0.99,1.08,2.18,0.85,0.64,5.39,1.000.82,3.16,1.05,1.08,2.18,0.85,0.61,5.38,0.990.82,3.16,1.05,1.06,2.21,0.67,0.61,5.43,0.870.81,3.41,1.08,1.06,2.21,0.67,0.61,5.43,0.87]

pass_13
[1.42,2.26,0.76,0.60,5.18,0.82,-1.0,-1.0,-1.01.45,2.21,0.64,0.57,5.14,0.92,-1.0,-1.0,-1.01.48,2.16,0.57,0.57,5.14,0.90,-1.0,-1.0,-1.00.57,4.24,1.26,1.49,2.14,0.51,0.56,5.11,0.920.51,4.32,1.25,1.49,2.14,0.51,0.59,5.05,1.010.54,4.34,1.29,0.55,4.95,1.02,-1.0,-1.0,-1.00.53,4.40,1.27,1.52,2.14,0.58,0.46,4.85,1.070.53,4.40,1.27,1.57,2.16,0.62,0.49,4.73,1.001.62,2.18,0.65,0.48,4.57,0.98,-1.0,-1.0,-1.00.60,4.25,1.22,1.69,2.26,0.75,0.57,4.43,1.090.60,4.25,1.22,1.80,2.27,0.67,0.64,4.32,1.160.68,4.00,1.23,1.87,2.35,0.76,0.64,4.32,1.160.68,4.00,1.23,1.91,2.42,0.82,0.75,4.31,1.200.77,3.71,1.19,1.94,2.47,0.87,0.79,4.38,1.120.92,3.49,1.20,1.95,2.52,0.91,0.91,4.51,1.011.03,3.22,1.09,1.90,2.59,0.94,0.92,4.60,0.991.09,3.00,0.93,1.92,2.62,0.98,0.89,4.67,0.961.11,2.85,0.93,1.95,2.62,1.00,0.85,4.74,0.891.10,2.73,0.89,1.91,2.64,0.97,0.85,4.74,0.891.14,2.65,0.91,1.91,2.65,0.99,0.82,4.75,0.95]

pass_14
[1.15,2.17,0.64,0.77,4.95,0.95,-1.0,-1.0,-1.01.15,2.15,0.61,1.16,2.19,0.89,0.77,4.95,0.951.15,2.15,0.61,1.20,2.15,0.93,0.75,4.96,0.901.22,2.10,0.96,0.82,4.93,0.99,-1.0,-1.0,-1.01.15,2.12,0.55,1.13,2.05,0.91,0.82,4.93,0.991.15,2.12,0.55,1.14,1.95,0.87,0.88,4.97,0.881.14,1.82,0.87,0.95,5.00,0.81,-1.0,-1.0,-1.01.14,2.09,0.45,1.14,1.82,0.87,1.32,5.07,0.791.13,2.08,0.47,1.32,5.06,0.88,-1.0,-1.0,-1.01.13,2.08,0.47,1.32,5.06,0.88,-1.0,-1.0,-1.01.14,1.68,0.87,-1.0,-1.0,-1.0,-1.0,-1.0,-1.01.14,1.68,0.87,1.40,5.09,0.72,-1.0,-1.0,-1.01.40,5.09,0.72,-1.0,-1.0,-1.0,-1.0,-1.0,-1.01.45,5.06,0.85,-1.0,-1.0,-1.0,-1.0,-1.0,-1.01.14,1.60,0.88,1.50,5.06,0.91,-1.0,-1.0,-1.01.14,1.60,0.88,1.54,5.04,0.98,-1.0,-1.0,-1.01.59,5.03,1.02,-1.0,-1.0,-1.0,-1.0,-1.0,-1.01.63,5.03,1.06,-1.0,-1.0,-1.0,-1.0,-1.0,-1.01.12,2.07,0.41,1.14,1.61,0.90,1.60,5.03,1.091.12,2.07,0.41,1.14,1.61,0.90,1.59,5.04,1.11]

pass_15
[0.75,2.82,1.00,1.54,4.65,1.17,1.76,5.04,1.210.70,2.95,0.97,1.73,5.02,1.23,-1.0,-1.0,-1.00.64,3.05,1.03,1.74,5.05,1.19,-1.0,-1.0,-1.00.62,3.14,1.08,1.55,4.73,1.16,1.79,5.07,1.200.63,3.20,1.06,1.25,4.73,1.12,1.79,5.07,1.200.66,3.27,1.12,1.25,4.73,1.12,-1.0,-1.0,-1.00.67,3.31,1.08,-1.0,-1.0,-1.0,-1.0,-1.0,-1.00.65,3.34,1.11,-1.0,-1.0,-1.0,-1.0,-1.0,-1.00.64,3.37,1.14,-1.0,-1.0,-1.0,-1.0,-1.0,-1.00.65,3.31,1.04,1.37,4.86,0.99,-1.0,-1.0,-1.00.59,3.30,0.87,1.37,4.86,0.99,1.84,5.11,1.140.66,3.35,0.96,1.84,5.11,1.14,-1.0,-1.0,-1.00.66,3.35,0.96,-1.0,-1.0,-1.0,-1.0,-1.0,-1.00.60,3.37,0.90,-1.0,-1.0,-1.0,-1.0,-1.0,-1.00.51,3.39,0.90,1.47,4.97,0.85,1.89,5.10,1.020.46,3.39,0.81,1.53,5.14,1.03,1.89,5.10,1.020.43,3.42,0.84,1.52,5.09,1.02,1.84,5.00,1.090.42,3.43,0.80,1.59,5.06,1.03,1.71,4.86,1.151.59,5.06,1.03,0.41,3.41,0.75,1.71,4.86,1.151.02,4.90,1.16,0.40,3.41,0.71,1.65,4.75,1.221.01,4.81,1.16,0.39,3.43,0.72,1.65,4.75,1.221.01,4.81,1.16,0.36,3.44,0.79,1.63,4.77,1.18]

pass_16
[0.48,3.88,1.14,1.55,5.16,0.88,-1.0,-1.0,-1.00.45,3.89,1.15,-1.0,-1.0,-1.0,-1.0,-1.0,-1.00.05,4.29,1.05,0.45,3.89,1.15,1.34,5.15,0.860.05,4.29,1.05,1.33,5.14,0.95,-1.0,-1.0,-1.01.33,5.20,0.92,-1.0,-1.0,-1.0,-1.0,-1.0,-1.00.44,3.85,1.19,1.35,5.28,0.88,-1.0,-1.0,-1.00.43,3.84,1.21,1.28,5.27,0.93,-1.0,-1.0,-1.00.40,3.81,1.22,1.28,5.27,0.93,-1.0,-1.0,-1.00.40,3.81,1.22,-1.0,-1.0,-1.0,-1.0,-1.0,-1.00.11,4.30,1.09,0.41,3.80,1.21,1.13,5.26,0.910.41,3.80,1.21,0.11,4.30,1.09,0.99,5.26,0.830.41,3.79,1.19,0.47,4.40,1.20,0.86,5.26,0.800.47,4.40,1.20,0.41,3.79,1.19,0.91,5.26,0.880.57,3.83,1.02,0.91,5.26,0.88,-1.0,-1.0,-1.00.69,3.82,1.09,0.48,4.48,1.41,0.84,5.31,0.760.48,4.48,1.41,0.69,3.82,1.09,0.87,5.39,0.740.92,5.49,0.77,-1.0,-1.0,-1.0,-1.0,-1.0,-1.00.78,3.82,1.16,0.94,5.57,0.75,-1.0,-1.0,-1.00.78,3.82,1.16,0.88,5.62,0.65,-1.0,-1.0,-1.00.80,4.66,1.59,0.79,3.81,1.19,0.81,5.67,0.580.79,3.81,1.19,0.80,4.66,1.59,0.85,5.72,0.520.86,3.79,1.24,0.73,5.79,0.65,-1.0,-1.0,-1.0]

pass_17
[0.41,6.15,1.31,1.29,4.30,1.18,0.62,6.27,0.830.41,6.15,1.11,0.62,6.32,0.75,-1.0,-1.0,-1.00.51,6.09,0.89,1.25,4.27,1.25,0.61,6.33,0.790.53,6.21,1.07,1.25,4.27,1.25,0.50,6.31,0.820.53,6.14,1.05,0.50,6.31,0.82,-1.0,-1.0,-1.00.53,6.14,1.05,0.54,6.34,0.84,-1.0,-1.0,-1.00.48,6.17,0.91,1.51,4.23,1.30,0.55,6.34,0.870.48,6.17,0.91,1.71,4.19,1.31,0.58,6.36,0.850.46,6.11,0.96,1.71,4.19,1.31,0.60,6.36,0.860.48,6.07,0.92,0.57,6.33,0.89,-1.0,-1.0,-1.00.48,6.07,0.92,0.56,6.32,0.89,-1.0,-1.0,-1.00.49,6.02,0.92,0.56,6.24,0.89,-1.0,-1.0,-1.00.60,6.08,0.94,-1.0,-1.0,-1.0,-1.0,-1.0,-1.00.85,5.82,0.89,-1.0,-1.0,-1.0,-1.0,-1.0,-1.00.88,5.72,0.96,-1.0,-1.0,-1.0,-1.0,-1.0,-1.00.93,5.73,0.87,-1.0,-1.0,-1.0,-1.0,-1.0,-1.01.30,4.13,1.29,0.87,5.74,0.85,-1.0,-1.0,-1.00.56,5.71,0.97,1.30,4.13,1.29,0.83,5.79,0.870.56,5.71,0.97,0.74,5.93,0.76,-1.0,-1.0,-1.00.70,6.05,0.82,-1.0,-1.0,-1.0,-1.0,-1.0,-1.00.62,5.42,0.88,0.56,6.21,0.70,-1.0,-1.0,-1.00.73,5.18,0.88,0.47,6.29,0.72,-1.0,-1.0,-1.01.28,4.14,1.32,0.73,5.18,0.88,0.35,6.32,0.771.28,4.14,1.32,0.31,6.35,0.77,-1.0,-1.0,-1.00.27,6.37,0.81,-1.0,-1.0,-1.0,-1.0,-1.0,-1.00.22,6.39,0.85,-1.0,-1.0,-1.0,-1.0,-1.0,-1.00.16,6.40,0.87,-1.0,-1.0,-1.0,-1.0,-1.0,-1.01.44,4.14,1.08,0.16,6.40,0.87,-1.0,-1.0,-1.01.61,4.14,0.96,0.15,6.40,0.89,-1.0,-1.0,-1.01.48,4.15,1.07,0.11,6.41,0.91,-1.0,-1.0,-1.01.48,4.13,1.13,0.11,6.43,0.89,-1.0,-1.0,-1.0]

pass_18
[0.14,6.43,0.89,-1.0,-1.0,-1.0,-1.0,-1.0,-1.00.78,4.86,0.71,1.44,4.12,1.21,0.17,6.45,0.810.78,4.86,0.71,1.44,4.12,1.21,0.20,6.44,0.851.41,4.06,1.26,0.20,6.44,0.85,-1.0,-1.0,-1.01.35,3.99,1.27,0.23,6.45,0.80,-1.0,-1.0,-1.01.35,3.99,1.27,0.26,6.42,0.85,-1.0,-1.0,-1.01.31,3.87,0.99,0.27,6.39,0.88,-1.0,-1.0,-1.01.27,3.85,1.10,0.26,6.39,0.91,-1.0,-1.0,-1.00.28,4.62,0.76,1.24,3.84,1.17,0.21,6.41,0.920.28,4.62,0.76,1.21,3.77,1.02,0.15,6.44,0.921.22,3.77,1.11,0.16,6.46,0.89,-1.0,-1.0,-1.01.22,3.76,1.15,0.16,6.49,0.87,-1.0,-1.0,-1.01.21,3.76,1.21,0.10,6.49,0.88,-1.0,-1.0,-1.01.38,3.76,1.03,0.10,6.49,0.88,-1.0,-1.0,-1.01.34,3.71,0.93,-1.0,-1.0,-1.0,-1.0,-1.0,-1.01.30,3.72,1.05,-0.06,4.44,0.74,0.10,6.52,0.871.29,3.73,1.12,-0.06,4.44,0.74,0.12,6.50,0.881.25,3.74,1.19,0.12,6.50,0.88,-1.0,-1.0,-1.01.26,3.75,1.23,-0.40,4.30,0.83,0.26,6.56,0.871.26,3.75,1.23,-0.40,4.30,0.83,0.24,6.57,0.881.24,3.76,1.25,0.29,6.60,0.86,-1.0,-1.0,-1.01.25,3.76,1.27,0.36,6.64,0.82,-1.0,-1.0,-1.01.43,3.75,1.10,0.40,6.67,0.79,-1.0,-1.0,-1.01.37,3.70,0.96,-0.05,4.31,1.07,0.38,6.68,0.801.33,3.73,1.07,-0.05,4.31,1.07,0.38,6.68,0.801.33,3.73,1.07,0.47,6.79,0.91,-1.0,-1.0,-1.00.47,6.80,0.82,-1.0,-1.0,-1.0,-1.0,-1.0,-1.00.48,6.96,0.90,-1.0,-1.0,-1.0,-1.0,-1.0,-1.00.21,4.27,1.16,0.49,7.17,1.03,-1.0,-1.0,-1.0]

pass_19
[0.87,6.43,0.66,0.49,6.77,0.75,-1.0,-1.0,-1.00.86,6.47,0.60,0.51,6.73,0.79,-1.0,-1.0,-1.00.88,6.51,0.62,0.51,6.71,0.82,-1.0,-1.0,-1.00.85,6.80,0.88,0.52,6.69,0.85,-1.0,-1.0,-1.01.36,3.71,1.01,0.67,6.97,1.10,0.54,6.74,0.680.67,6.97,1.10,1.32,3.69,0.86,0.54,6.74,0.681.25,3.67,0.75,-1.0,-1.0,-1.0,-1.0,-1.0,-1.01.21,3.68,0.77,0.55,6.78,0.58,-1.0,-1.0,-1.01.21,3.68,0.77,0.53,6.74,0.65,-1.0,-1.0,-1.00.64,6.75,0.72,-1.0,-1.0,-1.0,-1.0,-1.0,-1.00.61,6.74,0.73,-1.0,-1.0,-1.0,-1.0,-1.0,-1.01.34,3.79,0.90,0.60,6.72,0.77,-1.0,-1.0,-1.01.29,3.78,0.93,0.61,6.73,0.73,-1.0,-1.0,-1.01.29,3.78,0.93,0.59,6.76,0.61,-1.0,-1.0,-1.01.17,3.79,0.95,0.64,7.19,1.28,0.59,6.77,0.510.64,7.19,1.28,1.19,3.78,1.03,0.59,6.74,0.601.19,3.78,1.03,0.59,6.72,0.66,-1.0,-1.0,-1.00.80,7.00,1.27,0.60,6.69,0.74,-1.0,-1.0,-1.00.80,7.00,1.27,1.18,3.72,0.85,0.58,6.75,0.671.18,3.68,0.78,0.59,6.71,0.74,-1.0,-1.0,-1.01.18,3.68,0.78,0.60,6.64,0.76,-1.0,-1.0,-1.01.19,3.70,0.89,0.64,6.52,0.76,-1.0,-1.0,-1.0]

